include 'configs/cat-deter-senderlola.gin'

Game.bias=15

train.num_epochs = 25
train.batch_size = 64
train.Loss = @CircleL1

train.vocab_size = 1024
DiceLOLASender.order = 1
DiceLOLASender.sender_lola_lr = 0.00014215882627393944
DiceLOLASender.recver_lola_lr = 0.0002022918742639505

DiceLOLASender.lr = 0.00021927414739277752
DiceLOLASender.hidden_size = 32
DiceLOLASender.ent_reg = 0.00035473487767470694

Deterministic.lr = 0.0029042282709626365
Deterministic.hidden_size = 16
